0.47375
0.51382
0.51307
0.51301
0.53072
0.54333
0.52213
0.53091
0.5488
0.51093
0.50953
0.54272
0.49427
0.53444
0.52245
0.53753
0.55979
0.56132
0.55734
0.56946
0.57723
0.556
0.55621
0.5787
0.53807
0.51813
0.55622
0.50011
0.5367
0.51653
0.54767
0.57011
0.56257
0.57658
0.58803
0.59037
0.58683
0.58542
0.59684
0.57355
0.55685
0.58274
0.54107
0.50977
0.55072
0.48502
0.51945
0.49221
0.54298
0.56272
0.54166
0.57713
0.5894
0.58024
0.60031
0.59876
0.59443
0.59983
0.58106
0.59148
0.56606
0.53954
0.56708
0.52291
0.47596
0.51737
0.52221
0.54421
0.51243
0.56412
0.57505
0.55482
0.59111
0.58889
0.58264
0.59665
0.57973
0.58214
0.58149
0.54722
0.56307
0.54226
0.49546
0.52642
0.53475
0.54534
0.51405
0.56764
0.56792
0.54613
0.5816
0.56629
0.55851
0.57208
0.54233
0.54725
0.54217
0.49676
0.51573
0.53027
0.52286
0.49676
0.54762
0.52796
0.5131
0.54636
0.51424
0.50864
0.52908
0.48182
0.48691
